# yamllint disable
end-of-epoch: true
loss: 0.2141229310357369
summary:
  DER: 0.0744412015945322
  F-score: 0.9484954496413119
  FAR: 0.1269260097369381
  FN: 25814.0
  FP: 41114.0
  FRR: 0.040203775547868095
  MCC: 0.8432774091310201
  TN: 282807.0
  TP: 616265.0
  precision: 0.937457691833768
  recall: 0.9597962244521163
  threshold: 0.5
unixtime: 1772713194.0089054
