# yamllint disable
end-of-epoch: true
loss: 0.21059948304479148
summary:
  DER: 0.07390250165921189
  F-score: 0.94847746678747
  FAR: 0.11201805378471565
  FN: 30192.0
  FP: 36285.0
  FRR: 0.047022251156009665
  MCC: 0.844982581222327
  TN: 287636.0
  TP: 611887.0
  precision: 0.9440194886542315
  recall: 0.9529777488439748
  threshold: 0.5
unixtime: 1772700848.2846305
